0.000000000000000000e+00
7.874015748031496287e+00
1.574803149606299257e+01
2.362204724409448886e+01
3.149606299212598515e+01
3.937007874015748143e+01
4.724409448818897772e+01
5.511811023622047401e+01
6.299212598425197029e+01
7.086614173228346658e+01
7.874015748031496287e+01
8.661417322834645915e+01
9.448818897637795544e+01
1.023622047244094517e+02
1.102362204724409480e+02
1.181102362204724443e+02
1.259842519685039406e+02
1.338582677165354369e+02
1.417322834645669332e+02
1.496062992125984294e+02
1.574803149606299257e+02
1.653543307086614220e+02
1.732283464566929183e+02
1.811023622047244146e+02
1.889763779527559109e+02
1.968503937007874072e+02
2.047244094488189035e+02
2.125984251968503997e+02
2.204724409448818960e+02
2.283464566929133923e+02
2.362204724409448886e+02
2.440944881889763849e+02
2.519685039370078812e+02
2.598425196850394059e+02
2.677165354330709306e+02
2.755905511811024553e+02
2.834645669291339800e+02
2.913385826771655047e+02
2.992125984251970294e+02
3.070866141732285541e+02
3.149606299212600788e+02
3.228346456692916036e+02
3.307086614173231283e+02
3.385826771653546530e+02
3.464566929133861777e+02
3.543307086614177024e+02
3.622047244094492271e+02
3.700787401574807518e+02
3.779527559055122765e+02
3.858267716535438012e+02
3.937007874015753259e+02
4.015748031496068506e+02
4.094488188976383753e+02
4.173228346456699001e+02
4.251968503937014248e+02
4.330708661417329495e+02
4.409448818897644742e+02
4.488188976377959989e+02
4.566929133858275236e+02
4.645669291338590483e+02
4.724409448818905730e+02
4.803149606299220977e+02
4.881889763779536224e+02
4.960629921259851471e+02
