1.742333333333260157e+02
1.324999999999950546e+02
0.000000000000000000e+00
1.534249999999938723e+02
1.088999999999963819e+02
2.276333333333229803e+02
1.375666666666614333e+02
2.023444444444355383e+02
1.745333333333259986e+02
1.552999999999937586e+02
1.769999999999925251e+02
0.000000000000000000e+00
1.596333333333268456e+02
1.355833333333281985e+02
1.892166666666597621e+02
1.196777777777735423e+02
1.556499999999937245e+02
1.726666666666594381e+02
0.000000000000000000e+00
0.000000000000000000e+00
1.062666666666631983e+02
0.000000000000000000e+00
0.000000000000000000e+00
0.000000000000000000e+00
1.260499999999954071e+02
0.000000000000000000e+00
1.647499999999932072e+02
0.000000000000000000e+00
1.784999999999924398e+02
1.121666666666628629e+02
1.145666666666627265e+02
2.204666666666567210e+02
0.000000000000000000e+00
0.000000000000000000e+00
1.829333333333255212e+02
0.000000000000000000e+00
0.000000000000000000e+00
0.000000000000000000e+00
0.000000000000000000e+00
0.000000000000000000e+00
0.000000000000000000e+00
0.000000000000000000e+00
0.000000000000000000e+00
0.000000000000000000e+00
0.000000000000000000e+00
0.000000000000000000e+00
0.000000000000000000e+00
0.000000000000000000e+00
0.000000000000000000e+00
0.000000000000000000e+00
0.000000000000000000e+00
0.000000000000000000e+00
