1.519166666666606034e+02
1.771333333333258508e+02
1.095499999999963450e+02
2.449166666666608876e+02
1.455333333333276471e+02
1.317666666666617630e+02
1.803999999999923318e+02
1.848166666666587616e+02
1.532333333333272094e+02
1.477499999999942020e+02
2.368666666666701417e+02
1.851833333333253790e+02
1.572166666666603305e+02
1.829166666666588412e+02
1.489166666666607739e+02
1.547499999999937756e+02
1.434333333333277665e+02
1.448833333333276983e+02
1.262166666666620642e+02
1.412333333333278915e+02
1.288666666666619278e+02
1.381333333333280677e+02
1.292166666666619221e+02
1.441999999999943896e+02
1.266499999999953729e+02
1.496999999999940769e+02
1.396999999999946453e+02
1.354666666666615527e+02
1.160499999999959755e+02
1.144999999999960636e+02
1.224333333333289460e+02
1.244666666666621637e+02
1.232333333333289147e+02
1.148333333333293780e+02
1.215499999999956628e+02
1.192333333333291279e+02
1.029833333333300516e+02
1.050333333333299350e+02
1.049499999999966064e+02
1.029666666666633859e+02
1.019999999999967741e+02
1.025166666666634114e+02
1.015499999999967997e+02
1.042333333333299805e+02
1.011499999999968225e+02
1.022666666666634256e+02
1.028666666666633915e+02
1.015333333333301340e+02
1.013166666666634796e+02
1.012166666666634853e+02
1.008499999999968395e+02
1.011499999999968225e+02
