1.433333333333277722e+02
0.000000000000000000e+00
0.000000000000000000e+00
1.700333333333262544e+02
0.000000000000000000e+00
1.066333333333298441e+02
1.746333333333259930e+02
1.303666666666618426e+02
1.805333333333256576e+02
0.000000000000000000e+00
1.363333333333281701e+02
0.000000000000000000e+00
0.000000000000000000e+00
0.000000000000000000e+00
0.000000000000000000e+00
0.000000000000000000e+00
0.000000000000000000e+00
0.000000000000000000e+00
0.000000000000000000e+00
0.000000000000000000e+00
0.000000000000000000e+00
1.084333333333297418e+02
0.000000000000000000e+00
0.000000000000000000e+00
0.000000000000000000e+00
0.000000000000000000e+00
0.000000000000000000e+00
0.000000000000000000e+00
0.000000000000000000e+00
0.000000000000000000e+00
0.000000000000000000e+00
0.000000000000000000e+00
0.000000000000000000e+00
0.000000000000000000e+00
0.000000000000000000e+00
0.000000000000000000e+00
1.029166666666633887e+02
1.050333333333299350e+02
1.038333333333300033e+02
1.024333333333300828e+02
1.032833333333300345e+02
1.012999999999968139e+02
1.011499999999968225e+02
1.017333333333301226e+02
1.018166666666634512e+02
1.013499999999968111e+02
1.015499999999967997e+02
1.010333333333301624e+02
1.010999999999968253e+02
1.021499999999967656e+02
1.009166666666635024e+02
1.016666666666634598e+02
