1.895392290249354801e+02
1.678439999999934003e+02
1.710333333333264250e+02
1.731633928571357899e+02
1.674872852233614822e+02
1.758398095238024155e+02
1.688281519861764366e+02
1.665640692640630505e+02
1.731875318066096270e+02
1.695582697200960922e+02
1.621810810810749786e+02
1.673836477987361491e+02
1.673796874999941338e+02
1.721323809523761952e+02
1.628129629629569308e+02
1.476437499999945544e+02
1.648978260869505732e+02
1.568719999999949835e+02
1.558281249999944862e+02
1.821369047619006665e+02
1.619744444444403086e+02
1.595777777777731501e+02
1.639938271604902127e+02
1.704833333333281757e+02
1.678192982456091613e+02
1.551488888888826239e+02
1.782102564102515032e+02
1.954314814814796364e+02
1.426619047619012406e+02
1.622299999999951012e+02
1.605999999999934573e+02
1.818466666666616049e+02
1.740857142857095994e+02
0.000000000000000000e+00
1.026380952380919780e+02
1.030413333333300585e+02
1.032614285714252844e+02
1.030884967320227190e+02
1.031768031189051129e+02
1.029503565062354937e+02
1.028659881255267834e+02
1.026536666666634829e+02
1.023944862155355366e+02
1.023575833333300693e+02
1.022488333333299693e+02
1.021335833333299945e+02
1.020025833333301080e+02
1.019710833333299860e+02
1.019191666666633864e+02
1.018291666666633688e+02
1.018027499999966636e+02
1.017032499999965296e+02
