2.005570212765897793e+02
1.671502551020342651e+02
1.231976666666622862e+02
1.760737400530441619e+02
1.771447439353040352e+02
1.693922743055491935e+02
1.695280879864573365e+02
1.640152210884291151e+02
1.600565326633103780e+02
1.582282955499518664e+02
1.583539166666607798e+02
1.558641541038464879e+02
1.538636591478633875e+02
1.463356666666607850e+02
1.477441102756834539e+02
1.446911666666610188e+02
1.429546666666610690e+02
1.411120833333279734e+02
1.399457499999945469e+02
1.386704166666614810e+02
1.356987499999948739e+02
1.351501666666615051e+02
1.342376666666615677e+02
1.319162499999951308e+02
1.312204166666618619e+02
1.296929999999953225e+02
1.285980833333285887e+02
1.273307499999952626e+02
1.271924999999953201e+02
1.266878333333287117e+02
1.240451666666622685e+02
1.248520833333287925e+02
1.237590833333289595e+02
1.160324999999959914e+02
1.108964166666629581e+02
1.075761666666630276e+02
1.057181666666631941e+02
1.047109166666632660e+02
1.038839166666633531e+02
1.033406666666634521e+02
1.030649166666633079e+02
1.027384999999966766e+02
1.026345833333300277e+02
1.022899166666634443e+02
1.021371666666633189e+02
1.021141666666634222e+02
1.020546666666633229e+02
1.019419999999968098e+02
1.018074999999966366e+02
1.018238333333300716e+02
1.017992499999967180e+02
1.016289999999967222e+02
