3.674999999999999933e-01
4.375000000000000000e-01
1.750000000000000167e-02
5.600000000000000533e-01
4.849999999999999867e-01
4.375000000000000000e-01
4.824999999999999845e-01
3.850000000000000089e-01
3.275000000000000133e-01
3.275000000000000133e-01
2.775000000000000244e-01
2.650000000000000133e-01
1.600000000000000033e-01
1.749999999999999889e-01
1.350000000000000089e-01
1.600000000000000033e-01
1.150000000000000050e-01
1.250000000000000000e-01
8.000000000000000167e-02
7.000000000000000666e-02
7.499999999999999722e-02
5.249999999999999806e-02
6.750000000000000444e-02
5.500000000000000028e-02
4.750000000000000056e-02
3.749999999999999861e-02
3.250000000000000111e-02
4.499999999999999833e-02
1.750000000000000167e-02
2.500000000000000139e-02
1.750000000000000167e-02
2.500000000000000139e-02
1.750000000000000167e-02
0.000000000000000000e+00
3.500000000000000333e-02
1.250000000000000000e-01
3.499999999999999778e-01
6.374999999999999556e-01
8.549999999999999822e-01
9.350000000000000533e-01
9.825000000000000400e-01
1.000000000000000000e+00
9.975000000000000533e-01
1.000000000000000000e+00
1.000000000000000000e+00
1.000000000000000000e+00
1.000000000000000000e+00
1.000000000000000000e+00
1.000000000000000000e+00
1.000000000000000000e+00
1.000000000000000000e+00
1.000000000000000000e+00
