1.063333333333298611e+02
0.000000000000000000e+00
0.000000000000000000e+00
0.000000000000000000e+00
1.888333333333251858e+02
1.343999999999949466e+02
1.668666666666597678e+02
1.034666666666633574e+02
0.000000000000000000e+00
1.685999999999930026e+02
0.000000000000000000e+00
1.429666666666611263e+02
1.225999999999956174e+02
1.444666666666610411e+02
0.000000000000000000e+00
0.000000000000000000e+00
0.000000000000000000e+00
0.000000000000000000e+00
0.000000000000000000e+00
0.000000000000000000e+00
0.000000000000000000e+00
0.000000000000000000e+00
0.000000000000000000e+00
0.000000000000000000e+00
0.000000000000000000e+00
0.000000000000000000e+00
0.000000000000000000e+00
0.000000000000000000e+00
0.000000000000000000e+00
0.000000000000000000e+00
0.000000000000000000e+00
0.000000000000000000e+00
0.000000000000000000e+00
0.000000000000000000e+00
1.048333333333299464e+02
1.028166666666633944e+02
1.025499999999967429e+02
1.014499999999968054e+02
1.021166666666634342e+02
1.009833333333301653e+02
1.029166666666633887e+02
1.015666666666634654e+02
