2.258999999999897454e+02
2.285833333333400219e+02
0.000000000000000000e+00
0.000000000000000000e+00
2.032500000000032401e+02
2.562333333333215251e+02
0.000000000000000000e+00
1.394333333333279938e+02
2.182333333333235146e+02
1.837333333333254757e+02
0.000000000000000000e+00
0.000000000000000000e+00
2.010666666666578237e+02
1.615333333333267376e+02
2.377499999999923830e+02
1.928666666666582898e+02
0.000000000000000000e+00
0.000000000000000000e+00
0.000000000000000000e+00
0.000000000000000000e+00
1.809666666666589663e+02
0.000000000000000000e+00
0.000000000000000000e+00
2.951333333333524820e+02
2.072666666666574713e+02
0.000000000000000000e+00
1.628333333333266637e+02
0.000000000000000000e+00
0.000000000000000000e+00
0.000000000000000000e+00
0.000000000000000000e+00
0.000000000000000000e+00
0.000000000000000000e+00
0.000000000000000000e+00
0.000000000000000000e+00
0.000000000000000000e+00
0.000000000000000000e+00
0.000000000000000000e+00
0.000000000000000000e+00
2.529666666666548736e+02
0.000000000000000000e+00
0.000000000000000000e+00
0.000000000000000000e+00
1.287999999999952649e+02
0.000000000000000000e+00
0.000000000000000000e+00
0.000000000000000000e+00
0.000000000000000000e+00
0.000000000000000000e+00
0.000000000000000000e+00
0.000000000000000000e+00
0.000000000000000000e+00
