0.000000000000000000e+00
0.000000000000000000e+00
0.000000000000000000e+00
0.000000000000000000e+00
1.489999999999941167e+02
0.000000000000000000e+00
1.516999999999939632e+02
0.000000000000000000e+00
1.285999999999952763e+02
1.513999999999939803e+02
1.187666666666624877e+02
1.439999999999944009e+02
1.859333333333253506e+02
0.000000000000000000e+00
1.513666666666606488e+02
0.000000000000000000e+00
0.000000000000000000e+00
0.000000000000000000e+00
0.000000000000000000e+00
0.000000000000000000e+00
1.978333333333246742e+02
0.000000000000000000e+00
0.000000000000000000e+00
1.451333333333276698e+02
0.000000000000000000e+00
0.000000000000000000e+00
0.000000000000000000e+00
0.000000000000000000e+00
0.000000000000000000e+00
0.000000000000000000e+00
0.000000000000000000e+00
0.000000000000000000e+00
0.000000000000000000e+00
0.000000000000000000e+00
0.000000000000000000e+00
0.000000000000000000e+00
1.033666666666633631e+02
1.075666666666631244e+02
1.028499999999967258e+02
1.046833333333299549e+02
1.045333333333299635e+02
1.042833333333299777e+02
1.011499999999968225e+02
1.027499999999967315e+02
1.030499999999967145e+02
1.017499999999967883e+02
1.013666666666634768e+02
1.008666666666635052e+02
1.015499999999967997e+02
1.019666666666634427e+02
1.022166666666634285e+02
1.016166666666634626e+02
