1.454999999999943157e+02
1.085333333333297361e+02
1.007333333333301795e+02
1.091333333333297020e+02
1.076999999999964501e+02
1.064333333333298555e+02
1.063333333333298611e+02
1.115666666666628970e+02
1.099999999999963194e+02
1.084666666666630732e+02
1.077333333333297816e+02
1.119666666666628743e+02
1.107666666666629425e+02
1.093333333333296906e+02
1.081999999999964217e+02
1.079666666666631016e+02
1.100333333333296508e+02
1.089666666666630448e+02
1.078999999999964388e+02
1.070333333333298214e+02
1.081999999999964217e+02
1.076333333333297873e+02
1.068333333333298327e+02
1.059999999999965468e+02
1.053333333333299180e+02
1.056666666666632324e+02
1.052999999999965866e+02
1.047666666666632835e+02
1.042333333333299805e+02
1.037666666666633404e+02
1.036999999999966775e+02
1.034333333333300260e+02
1.030666666666633802e+02
1.027333333333300658e+02
1.023999999999967514e+02
1.022333333333300942e+02
1.020333333333301056e+02
1.018333333333301169e+02
1.016333333333301283e+02
1.014333333333301397e+02
1.013333333333301454e+02
1.011999999999968196e+02
1.010666666666634939e+02
1.009666666666634995e+02
1.008666666666635052e+02
1.007999999999968423e+02
1.007666666666635109e+02
1.007333333333301795e+02
1.007333333333301795e+02
1.007333333333301795e+02
1.007333333333301795e+02
1.007333333333301795e+02
