1.454999999999943157e+02
1.259333333333287470e+02
1.077333333333297816e+02
1.045999999999966263e+02
1.069666666666631585e+02
1.064333333333298555e+02
1.063333333333298611e+02
1.083999999999964103e+02
1.142666666666627435e+02
1.267999999999953644e+02
1.099333333333296565e+02
1.091333333333297020e+02
1.149666666666627037e+02
1.314666666666617800e+02
1.771999999999925137e+02
1.184333333333291733e+02
1.110333333333295940e+02
1.173666666666625673e+02
1.395333333333279882e+02
2.083999999999907402e+02
1.292333333333285736e+02
1.154666666666626753e+02
1.143333333333294064e+02
1.320666666666617459e+02
1.888666666666585172e+02
1.345666666666616038e+02
1.168333333333292643e+02
1.115333333333295656e+02
1.186666666666624934e+02
1.492999999999940997e+02
1.296999999999952138e+02
1.153999999999960124e+02
1.109333333333295997e+02
1.098999999999963251e+02
1.241999999999955122e+02
1.223999999999956145e+02
1.128666666666628231e+02
1.097666666666629993e+02
1.078333333333297759e+02
1.122666666666628572e+02
1.164666666666626185e+02
1.109333333333295997e+02
1.087666666666630562e+02
1.073666666666631357e+02
1.063666666666631926e+02
1.125333333333295087e+02
1.094333333333296849e+02
1.079999999999964331e+02
1.069666666666631585e+02
1.062333333333298668e+02
1.094666666666630164e+02
1.082333333333297531e+02
