1.799999999999923546e+02
2.029999999999910472e+02
0.000000000000000000e+00
0.000000000000000000e+00
0.000000000000000000e+00
0.000000000000000000e+00
1.558999999999937245e+02
1.905999999999917520e+02
0.000000000000000000e+00
0.000000000000000000e+00
0.000000000000000000e+00
1.242999999999955065e+02
0.000000000000000000e+00
1.161333333333293041e+02
0.000000000000000000e+00
1.568666666666603362e+02
0.000000000000000000e+00
0.000000000000000000e+00
0.000000000000000000e+00
0.000000000000000000e+00
0.000000000000000000e+00
0.000000000000000000e+00
0.000000000000000000e+00
0.000000000000000000e+00
0.000000000000000000e+00
0.000000000000000000e+00
0.000000000000000000e+00
0.000000000000000000e+00
0.000000000000000000e+00
0.000000000000000000e+00
0.000000000000000000e+00
0.000000000000000000e+00
0.000000000000000000e+00
0.000000000000000000e+00
1.045999999999966263e+02
1.021666666666634313e+02
1.021166666666634342e+02
1.015499999999967997e+02
1.019499999999967770e+02
1.019333333333301113e+02
1.013499999999968111e+02
1.027666666666633972e+02
