2.077999999999907743e+02
0.000000000000000000e+00
0.000000000000000000e+00
1.656666666666598360e+02
1.199666666666624195e+02
0.000000000000000000e+00
2.967000000000203954e+02
1.183999999999958419e+02
1.285999999999952763e+02
0.000000000000000000e+00
0.000000000000000000e+00
0.000000000000000000e+00
1.578666666666602794e+02
0.000000000000000000e+00
2.016666666666577896e+02
0.000000000000000000e+00
0.000000000000000000e+00
0.000000000000000000e+00
0.000000000000000000e+00
0.000000000000000000e+00
0.000000000000000000e+00
0.000000000000000000e+00
0.000000000000000000e+00
0.000000000000000000e+00
0.000000000000000000e+00
0.000000000000000000e+00
0.000000000000000000e+00
0.000000000000000000e+00
0.000000000000000000e+00
0.000000000000000000e+00
0.000000000000000000e+00
0.000000000000000000e+00
0.000000000000000000e+00
0.000000000000000000e+00
0.000000000000000000e+00
0.000000000000000000e+00
0.000000000000000000e+00
1.028333333333300601e+02
1.075166666666631272e+02
1.061666666666632040e+02
1.048833333333299436e+02
1.008666666666635052e+02
1.034499999999966917e+02
1.066833333333298413e+02
1.019333333333301113e+02
1.027499999999967315e+02
1.015166666666634683e+02
1.017833333333301198e+02
1.011833333333301539e+02
1.033499999999966974e+02
1.016666666666634598e+02
1.017666666666634541e+02
