1.550999999999937700e+02
1.268666666666620415e+02
1.052166666666632580e+02
1.675333333333263965e+02
1.334333333333283349e+02
1.406333333333279256e+02
1.894166666666585002e+02
1.409499999999945885e+02
1.553833333333270730e+02
1.628333333333266637e+02
1.964499999999914053e+02
1.507833333333273345e+02
1.558666666666603930e+02
1.262333333333287442e+02
1.705333333333262260e+02
1.578499999999935994e+02
1.947666666666581818e+02
1.177833333333292103e+02
1.650666666666598701e+02
1.420166666666611945e+02
1.287833333333285850e+02
1.306833333333284770e+02
1.395499999999946681e+02
1.267999999999953644e+02
1.286499999999952593e+02
1.157833333333293240e+02
1.347333333333282610e+02
1.409499999999945601e+02
1.423833333333278119e+02
1.192999999999957907e+02
1.242333333333288579e+02
1.340833333333282837e+02
1.383499999999947363e+02
1.098833333333296594e+02
1.099666666666629880e+02
1.040499999999966576e+02
1.083999999999964103e+02
1.051833333333299265e+02
1.066333333333298441e+02
1.042999999999966434e+02
1.017999999999967855e+02
1.028333333333300601e+02
1.009499999999968338e+02
1.020999999999967685e+02
1.026999999999967343e+02
1.023833333333300857e+02
1.019333333333301113e+02
1.026333333333300715e+02
1.015833333333301312e+02
1.013166666666634796e+02
1.022666666666634256e+02
1.015999999999967969e+02
