2.017666666666577839e+02
0.000000000000000000e+00
0.000000000000000000e+00
1.674833333333264136e+02
1.777999999999924796e+02
0.000000000000000000e+00
1.947333333333248504e+02
0.000000000000000000e+00
0.000000000000000000e+00
0.000000000000000000e+00
0.000000000000000000e+00
2.497333333333217240e+02
0.000000000000000000e+00
0.000000000000000000e+00
0.000000000000000000e+00
0.000000000000000000e+00
0.000000000000000000e+00
0.000000000000000000e+00
0.000000000000000000e+00
0.000000000000000000e+00
0.000000000000000000e+00
0.000000000000000000e+00
0.000000000000000000e+00
0.000000000000000000e+00
0.000000000000000000e+00
0.000000000000000000e+00
0.000000000000000000e+00
0.000000000000000000e+00
0.000000000000000000e+00
0.000000000000000000e+00
1.433999999999944350e+02
0.000000000000000000e+00
0.000000000000000000e+00
0.000000000000000000e+00
0.000000000000000000e+00
0.000000000000000000e+00
0.000000000000000000e+00
1.039666666666633290e+02
1.034666666666633574e+02
1.028999999999967230e+02
1.022333333333300942e+02
1.032333333333300374e+02
1.022333333333300942e+02
1.021499999999967656e+02
1.013499999999968111e+02
1.025666666666634086e+02
1.027499999999967315e+02
1.022833333333300914e+02
1.012166666666634853e+02
1.017333333333301226e+02
1.010999999999968253e+02
1.013333333333301454e+02
