1.158666666666626526e+02
1.954111111111025991e+02
0.000000000000000000e+00
1.525166666666605693e+02
1.541999999999938211e+02
1.238666666666621978e+02
1.710666666666595290e+02
1.199777777777735395e+02
1.169999999999959215e+02
1.413555555555501257e+02
0.000000000000000000e+00
1.161333333333293041e+02
1.281166666666619562e+02
1.129666666666628174e+02
1.909666666666583978e+02
1.134833333333294547e+02
1.862666666666629851e+02
1.128666666666628231e+02
1.290333333333285850e+02
1.497999999999940712e+02
0.000000000000000000e+00
0.000000000000000000e+00
2.960000000000198384e+02
0.000000000000000000e+00
0.000000000000000000e+00
1.703333333333262374e+02
1.574999999999936335e+02
2.127333333333238272e+02
0.000000000000000000e+00
0.000000000000000000e+00
0.000000000000000000e+00
1.565999999999936847e+02
0.000000000000000000e+00
0.000000000000000000e+00
0.000000000000000000e+00
0.000000000000000000e+00
0.000000000000000000e+00
1.252999999999954497e+02
0.000000000000000000e+00
0.000000000000000000e+00
0.000000000000000000e+00
0.000000000000000000e+00
1.089333333333297134e+02
0.000000000000000000e+00
0.000000000000000000e+00
0.000000000000000000e+00
0.000000000000000000e+00
0.000000000000000000e+00
0.000000000000000000e+00
1.308333333333284827e+02
0.000000000000000000e+00
1.368666666666614731e+02
