0.000000000000000000e+00
0.000000000000000000e+00
0.000000000000000000e+00
2.192833333333234691e+02
1.264999999999953815e+02
1.573333333333269763e+02
1.243666666666621836e+02
1.242666666666621751e+02
1.125333333333295087e+02
1.091999999999963649e+02
0.000000000000000000e+00
0.000000000000000000e+00
2.249999999999897966e+02
0.000000000000000000e+00
0.000000000000000000e+00
2.974000000000209525e+02
0.000000000000000000e+00
0.000000000000000000e+00
1.703333333333262374e+02
2.240999999999898478e+02
0.000000000000000000e+00
0.000000000000000000e+00
0.000000000000000000e+00
0.000000000000000000e+00
0.000000000000000000e+00
1.530666666666605522e+02
0.000000000000000000e+00
0.000000000000000000e+00
0.000000000000000000e+00
0.000000000000000000e+00
0.000000000000000000e+00
0.000000000000000000e+00
0.000000000000000000e+00
0.000000000000000000e+00
0.000000000000000000e+00
0.000000000000000000e+00
1.019499999999967770e+02
1.033999999999966946e+02
1.046333333333299578e+02
1.053166666666632523e+02
1.017166666666634569e+02
1.016666666666634598e+02
1.056499999999965667e+02
1.023833333333300857e+02
1.021166666666634342e+02
1.013833333333301425e+02
1.011166666666634910e+02
1.024166666666634171e+02
1.020166666666634399e+02
1.031499999999967088e+02
1.008666666666635052e+02
1.025999999999967400e+02
