2.646999999999949296e+02
2.040833333333243331e+02
1.171499999999959130e+02
1.634499999999932811e+02
2.524333333333265159e+02
1.310333333333284713e+02
1.711499999999928718e+02
1.437666666666610809e+02
1.423666666666611604e+02
2.197499999999901092e+02
1.481666666666608307e+02
1.849499999999920874e+02
1.887666666666585229e+02
1.515833333333272890e+02
1.982166666666579999e+02
1.406666666666612571e+02
1.707666666666595461e+02
1.459333333333276244e+02
1.287833333333285850e+02
1.214833333333290000e+02
1.150333333333293666e+02
1.226666666666622660e+02
1.288499999999952479e+02
1.219333333333289886e+02
1.375833333333280848e+02
1.369666666666614674e+02
1.347999999999949239e+02
1.337833333333283008e+02
1.261666666666620813e+02
1.281833333333286191e+02
1.346666666666615981e+02
1.170333333333292529e+02
1.241333333333288635e+02
1.073666666666631357e+02
1.083833333333297446e+02
1.032666666666633688e+02
1.023166666666634228e+02
1.035499999999966860e+02
1.012166666666634853e+02
1.042333333333299805e+02
1.045166666666632977e+02
1.021333333333300999e+02
1.028833333333300573e+02
1.009499999999968338e+02
1.016999999999967912e+02
1.025333333333300772e+02
1.033499999999966974e+02
1.011499999999968225e+02
1.010833333333301596e+02
1.028166666666633944e+02
1.020499999999967713e+02
1.016499999999967940e+02
