total_time: 300.0
sample_size: 2
worker_number: 6
alphas: [0.006      0.033      0.127      0.02       0.02368966 0.02737931
 0.03106897 0.03475862 0.03844828 0.04213793 0.04582759 0.04951724
 0.0532069  0.05689655 0.06058621 0.06427586 0.06796552 0.07165517
 0.07534483 0.07903448 0.08272414 0.08641379 0.09010345 0.0937931
 0.09748276 0.10117241 0.10486207 0.10855172 0.11224138 0.11593103
 0.11962069 0.12331034 0.127      0.17294737 0.21889474 0.26484211
 0.31078947 0.35673684 0.40268421 0.44863158 0.49457895 0.54052632
 0.58647368 0.63242105 0.67836842 0.72431579 0.77026316 0.81621053
 0.86215789 0.90810526 0.95405263 1.        ]
