1.560166666666603703e+02
1.335999999999949921e+02
0.000000000000000000e+00
1.172666666666625730e+02
2.213111111111024911e+02
1.830499999999921670e+02
1.683833333333263340e+02
2.204666666666567210e+02
2.291499999999895749e+02
1.839777777777699157e+02
1.707666666666595461e+02
0.000000000000000000e+00
1.775333333333258281e+02
1.229222222222178260e+02
1.412666666666612230e+02
0.000000000000000000e+00
1.924166666666583296e+02
1.452333333333276641e+02
1.887999999999918543e+02
0.000000000000000000e+00
0.000000000000000000e+00
1.712222222222150947e+02
1.574999999999936335e+02
0.000000000000000000e+00
1.182666666666625161e+02
1.663999999999931276e+02
1.227333333333289289e+02
1.327499999999950262e+02
0.000000000000000000e+00
0.000000000000000000e+00
2.223666666666566130e+02
1.081999999999964217e+02
0.000000000000000000e+00
1.454999999999943157e+02
0.000000000000000000e+00
1.854333333333253790e+02
0.000000000000000000e+00
0.000000000000000000e+00
0.000000000000000000e+00
0.000000000000000000e+00
0.000000000000000000e+00
0.000000000000000000e+00
0.000000000000000000e+00
0.000000000000000000e+00
0.000000000000000000e+00
0.000000000000000000e+00
0.000000000000000000e+00
0.000000000000000000e+00
2.689999999999983515e+02
0.000000000000000000e+00
1.768666666666591993e+02
0.000000000000000000e+00
