total_time: 300.0
sample_size: 5
worker_number: 6
alphas: [0.006      0.033      0.127      0.02       0.02218367 0.02436735
 0.02655102 0.02873469 0.03091837 0.03310204 0.03528571 0.03746939
 0.03965306 0.04183673 0.04402041 0.04620408 0.04838776 0.05057143
 0.0527551  0.05493878 0.05712245 0.05930612 0.0614898  0.06367347
 0.06585714 0.06804082 0.07022449 0.07240816 0.07459184 0.07677551
 0.07895918 0.08114286 0.08332653 0.0855102  0.08769388 0.08987755
 0.09206122 0.0942449  0.09642857 0.09861224 0.10079592 0.10297959
 0.10516327 0.10734694 0.10953061 0.11171429 0.11389796 0.11608163
 0.11826531 0.12044898 0.12263265 0.12481633]
