1.210666666666623570e+02
1.213333333333290085e+02
0.000000000000000000e+00
1.459166666666609444e+02
1.756777777777703875e+02
1.655999999999936847e+02
2.177333333333235430e+02
1.501444444444384771e+02
1.621833333333266864e+02
1.351666666666615413e+02
2.226111111111038099e+02
0.000000000000000000e+00
1.189833333333291421e+02
1.078333333333297759e+02
2.201999999999900695e+02
1.479833333333274936e+02
0.000000000000000000e+00
1.654999999999931788e+02
0.000000000000000000e+00
2.506499999999937245e+02
0.000000000000000000e+00
1.069666666666631585e+02
0.000000000000000000e+00
0.000000000000000000e+00
2.383333333333223720e+02
0.000000000000000000e+00
1.959666666666581136e+02
1.221333333333289630e+02
0.000000000000000000e+00
0.000000000000000000e+00
0.000000000000000000e+00
0.000000000000000000e+00
0.000000000000000000e+00
0.000000000000000000e+00
0.000000000000000000e+00
0.000000000000000000e+00
0.000000000000000000e+00
0.000000000000000000e+00
0.000000000000000000e+00
0.000000000000000000e+00
0.000000000000000000e+00
0.000000000000000000e+00
0.000000000000000000e+00
0.000000000000000000e+00
0.000000000000000000e+00
0.000000000000000000e+00
0.000000000000000000e+00
0.000000000000000000e+00
0.000000000000000000e+00
0.000000000000000000e+00
0.000000000000000000e+00
0.000000000000000000e+00
