0.000000000000000000e+00
0.000000000000000000e+00
0.000000000000000000e+00
1.140333333333294235e+02
2.044666666666576305e+02
1.914833333333250494e+02
1.728833333333261066e+02
0.000000000000000000e+00
2.509333333333312339e+02
0.000000000000000000e+00
0.000000000000000000e+00
1.098333333333296622e+02
0.000000000000000000e+00
1.632666666666599724e+02
0.000000000000000000e+00
1.519666666666606147e+02
1.617999999999933891e+02
0.000000000000000000e+00
0.000000000000000000e+00
0.000000000000000000e+00
0.000000000000000000e+00
0.000000000000000000e+00
0.000000000000000000e+00
0.000000000000000000e+00
0.000000000000000000e+00
0.000000000000000000e+00
0.000000000000000000e+00
0.000000000000000000e+00
0.000000000000000000e+00
0.000000000000000000e+00
0.000000000000000000e+00
0.000000000000000000e+00
0.000000000000000000e+00
0.000000000000000000e+00
0.000000000000000000e+00
0.000000000000000000e+00
1.030666666666633802e+02
1.031333333333300430e+02
1.018666666666634484e+02
1.014333333333301397e+02
1.054833333333299095e+02
1.028333333333300601e+02
1.021333333333300999e+02
1.012166666666634853e+02
1.050666666666632665e+02
1.009833333333301653e+02
1.030166666666633830e+02
1.016666666666634598e+02
1.013166666666634796e+02
1.019999999999967741e+02
1.016166666666634626e+02
1.020166666666634399e+02
